Region,Codigo region,Comuna,Codigo comuna,Poblacion,2020-03-30,2020-04-01,2020-04-03,2020-04-06,2020-04-08,2020-04-10,2020-04-13,2020-04-15,Ultimo,Tasa
Valparaíso,05,Algarrobo,05602,15174.0,7.0,7.0,9.0,9.0,8.0,8.0,8.0,9.0,9.0,59.3
Valparaíso,05,Cabildo,05402,20663.0,0.0,0.0,0.0,0.0,0.0,0.0,0.0,0.0,0.0,0.0
Valparaíso,05,Calera,05502,53591.0,6.0,6.0,7.0,7.0,9.0,9.0,9.0,11.0,13.0,24.3
Valparaíso,05,Calle Larga,05302,16482.0,0.0,0.0,0.0,0.0,0.0,0.0,2.0,2.0,4.0,24.3
Valparaíso,05,Cartagena,05603,25357.0,0.0,0.0,0.0,0.0,0.0,0.0,2.0,2.0,2.0,7.9
Valparaíso,05,Casablanca,05102,29170.0,0.0,0.0,0.0,0.0,0.0,0.0,3.0,3.0,3.0,10.3
Valparaíso,05,Catemu,05702,15213.0,0.0,0.0,0.0,0.0,0.0,0.0,0.0,0.0,0.0,0.0
Valparaíso,05,Concon,05103,45889.0,0.0,0.0,7.0,7.0,0.0,0.0,6.0,7.0,7.0,15.3
Valparaíso,05,El Quisco,05604,17742.0,0.0,0.0,0.0,0.0,0.0,0.0,3.0,4.0,6.0,33.8
Valparaíso,05,El Tabo,05605,14338.0,0.0,0.0,0.0,0.0,0.0,0.0,2.0,3.0,6.0,41.8
Valparaíso,05,Hijuelas,05503,19099.0,0.0,0.0,0.0,0.0,0.0,0.0,0.0,0.0,0.0,0.0
Valparaíso,05,Isla de Pascua,05201,8277.0,0.0,5.0,5.0,5.0,5.0,6.0,6.0,6.0,5.0,60.4
Valparaíso,05,Juan Fernandez,05104,1033.0,0.0,0.0,0.0,0.0,0.0,0.0,0.0,0.0,0.0,0.0
Valparaíso,05,La Cruz,05504,25321.0,0.0,0.0,0.0,0.0,0.0,0.0,5.0,5.0,5.0,19.7
Valparaíso,05,La Ligua,05401,37739.0,0.0,0.0,0.0,0.0,0.0,0.0,2.0,2.0,2.0,5.3
Valparaíso,05,Limache,05802,49931.0,0.0,0.0,0.0,4.0,5.0,7.0,8.0,13.0,20.0,40.1
Valparaíso,05,Llaillay,05703,26533.0,0.0,0.0,0.0,0.0,0.0,0.0,2.0,2.0,2.0,7.5
Valparaíso,05,Los Andes,05301,68093.0,0.0,0.0,0.0,0.0,6.0,6.0,6.0,7.0,9.0,13.2
Valparaíso,05,Nogales,05506,23490.0,0.0,0.0,0.0,0.0,0.0,0.0,0.0,0.0,0.0,0.0
Valparaíso,05,Olmue,05803,19266.0,0.0,0.0,0.0,0.0,0.0,0.0,1.0,1.0,2.0,10.4
Valparaíso,05,Panquehue,05704,7633.0,0.0,0.0,0.0,0.0,0.0,0.0,0.0,0.0,0.0,0.0
Valparaíso,05,Papudo,05403,6201.0,0.0,0.0,0.0,0.0,0.0,0.0,0.0,0.0,0.0,0.0
Valparaíso,05,Petorca,05404,10558.0,0.0,0.0,0.0,5.0,4.0,5.0,6.0,6.0,6.0,56.8
Valparaíso,05,Puchuncavi,05105,20071.0,0.0,0.0,0.0,0.0,0.0,0.0,0.0,0.0,0.0,0.0
Valparaíso,05,Putaendo,05705,17645.0,0.0,0.0,0.0,0.0,0.0,0.0,1.0,2.0,2.0,11.3
Valparaíso,05,Quillota,05501,97572.0,6.0,7.0,9.0,9.0,13.0,13.0,16.0,18.0,19.0,19.5
Valparaíso,05,Quilpue,05801,167085.0,11.0,10.0,11.0,12.0,15.0,18.0,20.0,21.0,22.0,13.2
Valparaíso,05,Quintero,05107,36135.0,0.0,0.0,0.0,0.0,0.0,4.0,5.0,4.0,4.0,11.1
Valparaíso,05,Rinconada,05303,11263.0,0.0,0.0,0.0,0.0,0.0,0.0,2.0,2.0,2.0,17.8
Valparaíso,05,San Antonio,05601,96761.0,0.0,4.0,8.0,9.0,9.0,13.0,17.0,19.0,28.0,28.9
Valparaíso,05,San Esteban,05304,20643.0,0.0,0.0,0.0,0.0,0.0,0.0,0.0,0.0,0.0,0.0
Valparaíso,05,San Felipe,05701,83494.0,0.0,0.0,5.0,5.0,6.0,6.0,6.0,6.0,6.0,7.2
Valparaíso,05,Santa Maria,05706,16367.0,0.0,0.0,0.0,0.0,0.0,0.0,2.0,2.0,2.0,12.2
Valparaíso,05,Santo Domingo,05606,11934.0,,0.0,0.0,0.0,5.0,5.0,5.0,10.0,11.0,92.2
Valparaíso,05,Valparaiso,05101,315732.0,16.0,26.0,23.0,26.0,36.0,39.0,44.0,45.0,51.0,16.2
Valparaíso,05,Villa Alemana,05804,139310.0,6.0,8.0,11.0,11.0,12.0,12.0,12.0,12.0,13.0,9.3
Valparaíso,05,Vina del Mar,05109,361371.0,29.0,38.0,47.0,53.0,66.0,69.0,72.0,75.0,84.0,23.2
Valparaíso,05,Zapallar,05405,7994.0,0.0,0.0,0.0,0.0,0.0,0.0,0.0,0.0,0.0,0.0